10100011011110101100111011101110
11011110100100111111100010100010
00001000001011001001010001010001
01101100010100001001101010000010
10000011010101011111110101011000
11111100111100100110011101101011
01000010110101101101000100110010
10011001001010000111011000001011
10110100010101110011111110001010
11000001100110010110101110011010
11101001111111110001111100010010
00001100001010001110011000000110
00011101011110010100011001111100
11101101111001101111000001010111
11100010011001111101101100110001
11111001010100101001100011001111
11110010000010011010001000100111
10110000000110011100100011010001
01010011110111100101101110101101
11101010110111011000101111011101
01011010001101101001001111111000
11110010011011011001001001010100
10011011001001011000101111101010
01111111001001111100010000111100
00001101001001110000010110100111
10101101100101111101111011100001
01011011000001100001000111110110
01101000101000000100001100001001
11001101100010000011111010011000
11011011111010110000000100111100
00010011100101000100000110010101
10011111110011101010110111110000